0,0,1.000000
0,1,0.260000
0,2,45.000000
0,3,0.017000
0,4,3.200000
0,5,16000.000000
0,6,0.000000
0,7,0.000000
0,8,1.000000
0,9,0.030000
0,10,0.020000
0,11,2300.000000
0,12,284.000000
0,13,0.000000
0,14,0.000000
0,15,2.600000
0,16,0.020000
0,17,0.020000
0,18,11800.000000
0,19,7300.000000
0,20,50.000000
0,21,100.000000
0,22,150.000000
0,23,200.000000
0,24,250.000000
0,25,300.000000
0,26,0.000000
0,27,0.000000
0,28,1.000000
0,29,10000.000000
0,30,15.000000
0,31,-1200.000000
0,32,0.010000
0,33,0.010000
0,34,0.050000
0,35,0.000000
0,36,0.000000
0,37,1.000000
0,38,5230.299805
0,39,2590.300049
0,40,0.020000
0,41,0.000000
0,42,0.000000
0,43,1.000000
0,44,5230.299805
0,45,587.000000
0,46,845.000000
0,47,0.020000
0,48,0.000000
0,49,0.000000
0,50,0.300000
0,51,0.330000
0,52,1.000000
0,53,5.000000
0,54,-12.000000
0,55,30.000000
0,56,4.000000
0,57,0.003000
0,58,0.250000
0,0,1.000000
0,1,0.260000
0,2,45.000000
0,3,0.017100
0,4,3.200000
0,5,16000.000000
0,8,1.000000
0,9,0.030000
0,10,0.020000
0,11,2300.000000
0,12,284.000000
0,15,2.600000
0,16,0.020000
0,17,0.020000
0,18,11800.000000
0,19,7300.000000
0,20,50.000000
0,21,100.000000
0,22,150.000000
0,23,200.000000
0,24,250.000000
0,25,300.000000
0,28,0.300000
0,29,10000.000000
0,30,15.000000
0,31,-1200.000000
0,33,0.010000
0,34,0.051000
0,37,1.000000
0,38,5230.300293
0,39,2590.300049
0,40,0.021000
0,43,1.000000
0,44,5230.300293
0,45,587.000000
0,46,845.000000
0,47,0.021000
0,50,0.300000
0,51,0.330000
0,52,1.000000
0,53,5.000000
0,54,-11.999999
0,55,30.000000
0,56,4.000000
0,57,0.003000
0,58,0.250000
0,29,2467.100098
0,4,39,127
0,1,36,127
0.156259,4,41,127
0.187505,4
0.0,1,38,113
0.031247,1
0.0,1,38,92
0.031248,1
0.0,1,38,75
0.031247,1
0.0,1,38,64
0.031247,1
0.0,1,38,53
0.031247,1
0.0,1,38,37
0.031248,1
0.0,1,38,28
0.031246,1
0.0,1,38,21
0.03127,1
0.0,1,38,14
0.031248,1
0.0,1,38,14
0.031247,1
0.0,1,38,15
0.031247,1
0.0,1,38,15
0.031247,1
0.0,4
0.0,1,36,127
0.0,1,40,39
0.0,4,36,127
0.093742,1
0.0,1
0.0,1,40,39
0.093764,1
0.0,1,40,39
0.093741,1
0.0,1,40,39
0.093764,1
0.0,1,38,99
0.0,1,40,39
0.093742,1
0.0,1
0.0,1,40,39
0.093741,1
0.0,1,40,39
0.093764,1
0.0,1,40,39
0.093742,1
0.0,1,38,99
0.093742,1
0.0,1,40,39
0.093764,1
0.0,1,38,99
0.0,1,40,39
0.093741,1
0.0,1
0.0,1,40,39
0.093764,1
0.0,1,40,39
0.093742,1
0.0,1,40,39
0.093741,1
0.0,1,38,99
0.0,1,40,39
0.093764,1
0.0,1
0.0,1,40,39
0.093742,1
0.0,1,40,39
0.093741,1
0.0,1,38,99
0.093765,1
0.0,1,40,39
0.093741,1
0.0,1,38,99
0.046871,1,40,39
0.023447,1
0.023446,1
0.0,1,38,99
0.0,1,40,39
0.011701,1
0.0,1,40,39
0.011723,1
0.0,1,40,39
0.011724,1
0.0,1,40,39
0.011723,1
0.0,1,40,39
0.011701,1
0.0,1,40,39
0.011723,1
0.0,1,40,39
0.011724,1
0.0,1,40,39
0.011723,1
0.0,1
0.0,1,40,39
0.093741,1
0.0,1,40,39
0.093764,1
0.0,1,40,39
0.093742,1
0.0,1,36,127
0.0,1,40,39
0.093741,1
0.0,1
0.0,1,40,39
0.093765,1
0.0,1,36,127
0.0,1,40,39
0.093742,1
0.0,1
0.0,1,40,39
0.093763,1
0.0,1,40,39
0.093742,1
0.0,1,38,99
0.093741,1
0.0,1,40,39
0.093765,1
0.0,1,40,39
0.093741,1
0.0,1,36,127
0.0,1,40,39
0.093742,1
0.0,1
0.0,1,40,39
0.093763,1
0.0,1,40,39
0.093742,1
0.0,1,40,39
0.093764,1
0.0,1,38,99
0.0,1,40,56
0.023424,1
0.070318,1
0.0,1,40,56
0.023424,1
0.070318,1,40,92
0.023446,1
0.0,1,40,68
0.023424,1
0.0,1,40,56
0.023447,1
0.0,1,40,46
0.023446,1
0.0,1,40,32
0.023425,1
0.0,1,40,18
0.023446,1
0.046871,1,38,99
0.0,1,40,39
0.093741,1
0.0,1
0.0,1,40,39
0.093765,1
0.0,1,38,99
0.0,1,40,39
0.093741,1
0.0,1
0.0,1,40,39
0.093765,1
0.0,1,37,98
0.0,1,40,39
0.09374,1
0.0,1
0.0,1,40,39
0.093742,1
0.0,1,38,99
0.0,1,40,39
0.093764,1
0.0,1
0.0,1,40,39
0.093742,1
0.0,1,40,39
0.093742,1
0.0,1,38,99
0.0,1,40,39
0.093764,1
0.0,1
0.0,1,40,39
0.093742,1
0.0,1,38,99
0.0,1,40,39
0.093763,1
0.0,1
0.0,1,38,99
0.0,1,40,39
0.093742,1
0.0,1
0.0,1,40,73
0.023424,1
0.0,1,40,54
0.023447,1
0.0,1,40,35
0.023446,1
0.0,1,40,23
0.023424,1
0.0,1,40,16
0.023447,1
0.0,1,40,11
0.023424,1
0.140635,1,36,109
0.0,1,40,39
0.093742,1
0.0,1
0.0,1,36,109
0.0,1,40,39
0.023446,1
0.070317,1
0.0,1,36,83
0.0,1,40,39
0.093742,1
0.0,1
0.0,1,36,83
0.0,1,40,39
0.093765,1
0.0,1,40,39
0.093741,1
0.0,1
0.0,1,38,99
0.0,1,40,39
0.093742,1
0.0,1
0.0,1,38,55
0.0,1,40,39
0.093763,1
0.0,1
0.0,1,38,40
0.0,1,40,39
0.093742,1
0.0,1
0.0,4
0.0,1,36,127
0.0,1,40,39
0.0,4,39,127
0.093741,1
0.0,1
0.0,1,40,39
0.093765,1
0.0,1,38,84
0.0,1,40,39
0.093741,1
0.0,1
0.0,1,38,64
0.0,1,40,39
0.093764,1
0.0,1
0.0,1,38,26
0.0,1,40,39
0.093741,1
0.0,1
0.0,1,39,99
0.0,1,40,39
0.093742,1
0.0,1
0.0,1,39,99
0.0,1,40,39
0.093765,1
0.0,1
0.0,1,39,99
0.0,1,40,39
0.093741,1
0.0,1
0.0,1,38,99
0.0,1,40,39
0.0,1,47,82
0.093742,1
0.0,1
0.0,1
0.0,1,40,39
0.0,1,47,82
0.093764,1
0.0,1
0.0,1,38,99
0.0,1,40,39
0.093741,1
0.0,1
0.0,1,40,39
0.093764,1
0.0,1,36,82
0.0,1,40,39
0.093742,1
0.0,1
0.0,1,40,39
0.093741,1
0.0,1,38,99
0.0,1,40,39
0.093765,1
0.0,1
0.0,1,38,82
0.0,1,40,39
0.093741,1
0.0,1
0.0,1,36,36
0.0,1,40,39
0.093742,1
0.0,1
0.0,1,36,36
0.0,1,40,39
0.093764,1
0.0,1
0.0,1,36,127
0.0,1,40,39
0.093741,1
0.0,1
0.0,1,40,39
0.093765,1
0.0,1,38,67
0.0,1,40,39
0.093741,1
0.0,1
0.0,1,38,59
0.0,1,40,39
0.093742,1
0.0,1
0.0,1,38,52
0.0,1,40,39
0.093763,1
0.0,1
0.0,1,38,44
0.0,1,40,39
0.093742,1
0.0,1
0.0,1,36,127
0.0,1,40,39
0.093741,1
0.0,1
0.0,1,40,39
0.093765,1
0.0,1,36,127
0.0,1,40,39
0.093741,1
0.0,1
0.0,1,40,39
0.093764,1
0.0,1,40,39
0.093742,1
0.0,1,38,99
0.0,1,40,39
0.093741,1
0.0,1
0.0,1,40,39
0.093765,1
0.0,1,40,39
0.093741,1
0.0,1,36,127
0.0,1,40,39
0.046871,1
0.0,1,40,39
0.046871,1
0.0,1
0.0,1,40,39
0.046893,1
0.0,1,40,39
0.04687,1
0.0,1,40,39
0.046871,1
0.0,1,40,39
0.046871,1
0.0,1,40,39
0.046871,1
0.0,1,40,39
0.046893,1
0.0,1,38,99
0.0,1,40,39
0.093742,1
0.0,1
0.0,1,40,39
0.093741,1
0.0,1,40,39
0.093765,1
0.0,1,40,39
0.093741,1
0.0,1,38,99
0.0,1,40,39
0.093741,1
0.0,1
0.0,1,40,39
0.093765,1
0.0,1,38,99
0.0,1,40,39
0.093741,1
0.0,1
0.0,1,40,39
0.093765,1
0.0,1,40,39
0.093742,1
0.0,1,40,39
0.09374,1
0.0,1,38,99
0.0,1,40,39
0.093764,1
0.0,1
0.0,1,38,36
0.0,1,40,39
0.093742,1
0.0,1
0.0,1,38,36
0.0,1,40,39
0.093742,1
0.0,1
0.0,1,38,99
0.0,1,40,39
0.093763,1
0.0,1
0.0,1,38,36
0.0,1,40,39
0.093742,1
0.0,1
0.0,1,38,99
0.0,1,40,39
0.093764,1
0.0,1
0.0,1,38,99
0.0,1,40,39
0.093742,1
0.0,1
0.0,1,38,36
0.0,1,40,39
0.093742,1
0.0,1
0.0,1,38,36
0.0,1,40,39
0.093763,1
0.0,1
0.0,1,38,36
0.0,1,40,39
0.093742,1
0.0,1
0.0,1,36,127
0.0,1,40,39
0.093742,1
0.0,1
0.0,1,40,39
0.093764,1
0.0,1,36,127
0.0,1,40,39
0.0,4,41,127
0.09374,1
0.0,1
0.0,1,40,39
0.093765,1
0.0,1,40,39
0.046871,4
0.046871,1
0.0,1,38,99
0.0,1,40,39
0.093742,1
0.0,1
0.0,1,38,36
0.0,1,40,39
0.093764,1
0.0,1
0.0,1,38,36
0.0,1,40,39
0.09374,1
0.0,1
0.0,4
0.0,1,36,127
0.0,1,40,97
0.0,4,36,127
0.023447,1
0.0,1,40,74
0.023424,1
0.0,1,40,54
0.023447,1
0.0,1,40,40
0.023424,1
0.0,1
0.0,1,40,26
0.023447,1
0.0,1,40,22
0.023447,1
0.0,1,40,22
0.023424,1
0.0,1,40,22
0.023447,1
0.0,1,40,25
0.023424,1
0.0,1,40,30
0.023447,1
0.0,1,40,39
0.023447,1
0.0,1,40,43
0.023424,1
0.0,1,40,49
0.023447,1
0.0,1,40,60
0.023422,1
0.0,1,40,74
0.023447,1
0.0,1,40,97
0.023447,1
0.0,1,38,99
0.0,1,40,39
0.093742,1
0.0,1
0.0,1,38,36
0.0,1,40,39
0.093741,1
0.0,1
0.0,1,38,36
0.0,1,40,39
0.093765,1
0.0,1
0.0,1,38,36
0.0,1,40,39
0.09374,1
0.0,1
0.0,1,38,99
0.0,1,40,39
0.093742,1
0.0,1
0.0,1,38,36
0.0,1,40,39
0.093765,1
0.0,1
0.0,1,38,99
0.0,1,40,39
0.093742,1
0.0,1
0.0,1,38,36
0.0,1,40,39
0.093764,1
0.0,1
0.0,1,38,36
0.0,1,40,39
0.09374,1
0.0,1
0.0,1,38,36
0.0,1,40,39
0.093742,1
0.0,1
0.0,1,38,99
0.0,1,40,39
0.093765,1
0.0,1
0.0,1,38,36
0.0,1,40,39
0.093742,1
0.0,1
0.0,1,38,36
0.0,1,40,39
0.09374,1
0.0,1
0.0,1,38,99
0.0,1,40,39
0.093764,1
0.0,1
0.0,1,38,36
0.0,1,40,39
0.093742,1
0.0,1
0.0,1,38,99
0.0,1,40,39
0.093765,1
0.0,1
0.0,1,38,99
0.0,1,40,39
0.093742,1
0.0,1
0.0,1,39,80
0.0,1,40,39
0.09374,1
0.0,1
0.0,1,39,80
0.0,1,40,39
0.093764,1
0.0,1
0.0,1,39,80
0.0,1,40,39
0.093742,1
0.0,1
0.0,1,37,82
0.0,1,40,39
0.093742,1
0.0,1,40,39
0.093763,1
0.0,1
0.0,1,37,82
0.0,1,40,39
0.093742,1
0.0,1,40,39
0.093765,1
0.0,1
0.0,1,40,39
0.093741,1
0.0,1,38,99
0.0,1,40,39
0.09374,1
0.0,1
0.0,1,38,82
0.0,1,40,39
0.093765,1
0.0,1
0.0,1,38,82
0.0,1,40,39
0.093742,1
0.0,1
0.0,1,36,127
0.0,1,40,39
0.093742,1
0.0,1
0.0,1,36,91
0.0,1,40,39
0.093765,1
0.0,1
0.0,1,36,43
0.0,1,40,39
0.09374,1
0.0,1
0.0,1,36,26
0.0,1,40,39
0.093764,1
0.0,1
0.0,1,38,99
0.0,1,40,39
0.093742,1
0.0,1
0.0,1,38,71
0.0,1,40,39
0.093742,1
0.0,1
0.0,1,38,28
0.0,1,40,39
0.093763,1
0.0,1
0.0,1,40,39
0.093742,1
0.0,1,38,127
0.0,1,40,39
0.093742,1
0.0,1
0.0,1,40,39
0.093764,1
0.0,1,38,127
0.0,1,40,39
0.09374,1
0.0,1
0.0,1,40,39
0.093765,1
0.0,1,40,39
0.0,1,47,113
0.093742,1
0.0,1
0.0,1,40,39
0.093742,1
0.0,1,38,99
0.0,1,40,39
0.093764,1
0.0,1
0.0,1,40,39
0.09374,1
0.0,1,40,39
0.093742,1
0.0,1,38,99
0.0,1,40,39
0.093765,1
0.0,1
0.0,1,40,39
0.093742,1
0.0,1,38,99
0.0,1,40,39
0.093763,1
0.0,1
0.0,1,38,99
0.0,1,40,39
0.093741,1
0.0,1
0.0,1,40,39
0.093742,1
0.0,1,40,39
0.093765,1
0.0,1,40,39
0.093742,1
0.0,1,36,127
0.0,1,40,39
0.09374,1
0.0,1
0.0,1,40,39
0.093765,1
0.0,1,36,127
0.0,1,40,39
0.093741,1
0.0,1
0.0,1,40,39
0.093765,1
0.0,1,40,39
0.09374,1
0.0,1,38,99
0.0,1,40,39
0.093742,1
0.0,1
0.0,1,40,39
0.093765,1
0.0,1,40,39
0.093742,1
0.0,4
0.0,1,36,127
0.0,1,40,39
0.0,4,39,127
0.046871,1
0.0,1,40,39
0.046869,1
0.0,1
0.0,1,40,39
0.046893,1
0.0,1,40,39
0.046871,1
0.0,1,40,39
0.046871,1
0.0,1,40,39
0.046871,1
0.0,1,40,39
0.046871,1
0.0,1,40,39
0.046894,1
0.0,1,38,99
0.0,1,40,39
0.093742,1
0.0,1
0.0,1,38,102
0.0,1,40,39
0.09374,1
0.0,1
0.0,1,38,110
0.0,1,40,39
0.093764,1
0.0,1
0.0,1,40,39
0.093742,1
0.0,1,36,98
0.0,1,40,39
0.093742,1
0.0,1
0.0,1,36,98
0.0,1,40,39
0.093763,1
0.0,1
0.0,1,36,98
0.0,1,40,39
0.093742,1
0.0,1
0.0,1,40,39
0.093764,1
0.0,1,38,98
0.0,1,40,39
0.093742,1
0.0,1
0.0,1,38,64
0.0,1,40,39
0.093742,1
0.0,1
0.0,1,38,37
0.0,1,40,39
0.093763,1
0.0,1
0.0,1,38,16
0.0,1,40,39
0.093742,1
0.0,1
0.0,1,36,98
0.0,1,40,39
0.093742,1
0.0,1
0.0,1,36,98
0.0,1,40,39
0.093764,1
0.0,1
0.0,1,40,39
0.09374,1
0.0,1,38,99
0.0,1,40,39
0.093765,1
0.0,1
0.0,1,38,99
0.0,1,40,39
0.093742,1
0.0,1
0.0,1,36,47
0.0,1,40,39
0.093742,1
0.0,1
0.0,1,36,102
0.0,1,40,39
0.093763,1
0.0,1
0.0,1,36,102
0.0,1,40,39
0.093742,1
0.0,1
0.0,1,40,39
0.093742,1
0.0,1,38,64
0.0,1,39,107
0.046893,1
0.0,1,38,47
0.046871,1
0.0,1
0.0,1,38,35
0.0,1,42,93
0.046871,1
0.0,1,38,22
0.046871,1
0.0,1
0.0,1,38,9
0.0,1,42,93
0.046869,1
0.0,1,38,1
0.046894,1
0.0,1
0.0,1,38,1
0.0,1,39,82
0.046871,1
0.0,1,38,1
0.046871,1
0.0,1
0.0,1,38,1
0.0,1,39,82
0.046871,1
0.0,1,38,1
0.046871,1
0.0,1
0.0,1,38,1
0.0,1,42,93
0.046871,1
0.0,1,38,1
0.046893,1
0.0,1
0.0,1,38,1
0.0,1,42,93
0.046871,1
0.0,1,38,1
0.046869,1
0.0,1
0.0,1,36,127
0.0,1,40,39
0.093742,1
0.0,1
0.0,1,40,39
0.093765,1
0.0,1,40,39
0.093742,1
0.0,1,40,39
0.093764,1
0.0,1,38,99
0.0,1,40,39
0.09374,1
0.0,1
0.0,1,40,39
0.093742,1
0.0,1,40,39
0.093765,1
0.0,1,40,39
0.093742,1
0.0,1,38,99
0.0,1,40,39
0.09374,1
0.0,1
0.0,1,40,39
0.093764,1
0.0,1,38,99
0.0,1,40,39
0.093742,1
0.0,1
0.0,1,40,39
0.093765,1
0.0,1,40,39
0.09374,1
0.0,1,40,39
0.093742,1
0.0,1,38,99
0.0,1,40,39
0.093765,1
0.0,1
0.0,1,40,39
0.093741,1
0.0,1,40,39
0.093742,1
0.0,1,38,99
0.0,1,40,39
0.093763,1
0.0,1
0.0,1,40,39
0.093742,1
0.0,1,38,99
0.0,1,40,39
0.093765,1
0.0,1
0.0,1,38,99
0.0,1,40,39
0.093742,1
0.0,1
0.0,1,40,39
0.09374,1
0.0,1,40,39
0.093764,1
0.0,1,40,39
0.093742,1
0.0,1,36,127
0.0,1,40,39
0.093742,1
0.0,1
0.0,1,40,39
0.093763,1
0.0,1,36,127
0.0,1,40,39
0.0,4,41,127
0.093742,1
0.0,1
0.0,1,40,39
0.093764,1
0.0,4
0.0,1,40,39
0.093742,1
0.0,1,38,99
0.0,1,40,39
0.093742,1
0.0,1
0.0,1,40,39
0.093763,1
0.0,1,40,39
0.093742,1
0.0,4
0.0,1,36,74
0.0,1,37,81
0.0,1,40,96
0.0,4,36,127
0.046871,1
0.0,1
0.0,1,40,96
0.046871,1
0.0,1
0.0,1,40,71
0.046893,1
0.0,1,40,71
0.046871,1
0.0,1,40,71
0.046871,1
0.0,1,40,71
0.046869,1
0.0,1,40,71
0.046871,1
0.0,1,40,71
0.046894,1
0.0,1,38,99
0.0,1,40,39
0.046871,1
0.0,1,38,60
0.046871,1
0.0,1
0.0,1,38,54
0.0,1,40,39
0.046871,1
0.0,1,38,54
0.046871,1
0.0,1
0.0,1,38,52
0.0,1,40,39
0.046871,1
0.0,1,38,46
0.046893,1
0.0,1
0.0,1,38,29
0.0,1,40,39
0.046869,1
0.0,1,38,15
0.046871,1
0.0,1
0.0,1,38,97
0.0,1,40,39
0.046871,1
0.046871,1
0.0,1,38,64
0.0,1,40,39
0.046894,1
0.046871,1
0.0,1,38,36
0.0,1,40,39
0.046871,1
0.046871,1
0.0,1,38,19
0.0,1,40,39
0.046871,1
0.046892,1
0.0,1,38,112
0.0,1,40,39
0.062494,1
0.031248,1
0.0,1,40,39
0.031247,1,38,84
0.062494,1
0.0,1
0.0,1,40,39
0.062518,1,38,61
0.031247,1
0.0,1,40,39
0.031247,1
0.062493,1
0.0,1,38,36
0.0,1,40,39
0.062495,1
0.031247,1
0.0,1,40,39
0.03127,1,38,21
0.062495,1
0.0,1
0.0,1,40,39
0.062494,1,38,11
0.031248,1
0.0,1,40,39
0.031247,1
0.062517,1
0.0,1,36,103
0.0,1,40,39
0.062493,1
0.0,1,36,103
0.031247,1
0.0,1,40,39
0.031248,1
0.0,1,36,103
0.062496,1
0.0,1
0.0,1,36,103
0.0,1,40,39
0.062514,1
0.031247,1
0.0,1,40,39
0.093742,1
0.0,1,38,103
0.0,1,40,39
0.093742,1
0.0,1
0.0,1,38,103
0.0,1,40,39
0.093764,1
0.0,1
0.0,1,36,103
0.0,1,40,39
0.09374,1
0.0,1
0.0,1,36,103
0.0,1,40,39
0.093765,1
0.0,1
0.0,1,40,39
0.093742,1
0.0,1,40,39
0.093742,1
0.0,1,38,103
0.0,1,40,39
0.093764,1
0.0,1
0.0,1,38,103
0.0,1,40,39
0.093742,1
0.0,1
0.0,1,36,105
0.0,1,38,96
0.0,1,40,96
0.046871,1
0.0,1,40,96
0.046871,1
0.0,1
0.0,1
0.0,1,40,71
0.046894,1
0.0,1,40,71
0.046871,1
0.0,1,40,71
0.046871,1
0.0,1,40,71
0.046871,1
0.0,1,40,71
0.046871,1
0.0,1,40,71
0.04689,1
0.0,1,38,99
0.0,1,40,39
0.046871,1
0.0,1,38,60
0.04687,1
0.0,1
0.0,1,38,54
0.0,1,40,39
0.046871,1
0.0,1,38,54
0.046871,1
0.0,1
0.0,1,38,52
0.0,1,40,39
0.046871,1
0.0,1,38,46
0.046894,1
0.0,1
0.0,1,38,29
0.0,1,40,39
0.046871,1
0.0,1,38,15
0.046871,1
0.0,1
0.0,1,38,96
0.0,1,40,39
0.09374,1
0.0,1
0.0,1,40,39
0.093765,1
0.0,1,36,96
0.0,1,38,96
0.0,1,40,39
0.093742,1
0.0,1
0.0,1
0.0,1,40,39
0.093764,1
0.0,1,36,96
0.0,1,38,96
0.0,1,40,39
0.093742,1
0.0,1
0.0,1
0.0,1,40,39
0.093742,1
0.0,1,38,96
0.0,1,40,39
0.093765,1
0.0,1
0.0,1,40,39
0.093742,1
0.0,1,38,96
0.0,1,40,39
0.093738,1
0.0,1
0.0,1,38,96
0.0,1,40,39
0.093764,1
0.0,1
0.0,1,36,96
0.0,1,38,96
0.0,1,40,39
0.093742,1
0.0,1
0.0,1
0.0,1,38,96
0.0,1,40,39
0.093765,1
0.0,1
0.0,1,40,39
0.093742,1
0.0,1,40,39
0.09374,1
0.0,1,40,39
0.105376,1
0.0,1,40,39
0.08213,1
0.0,1,38,96
0.0,1,40,39
0.093742,1
0.0,1
0.0,1,40,39
0.093765,1
0.0,1,36,96
0.0,1,38,96
0.0,1,40,39
0.093742,1
0.0,1
0.0,1
0.0,1,40,39
0.093764,1
0.0,1,36,96
0.0,1,40,39
0.093742,1
0.0,1
0.0,1,40,39
0.093742,1
0.0,1,38,96
0.0,1,40,39
0.093761,1
0.0,1
0.0,1,38,96
0.0,1,40,39
0.093742,1
0.0,1
0.0,4
0.0,1,36,96
0.0,1,40,96
0.0,4,39,127
0.046871,1
0.0,1,40,96
0.046871,1
0.0,1
0.0,1,40,71
0.046894,1
0.0,1,40,71
0.04687,1
0.0,1,36,96
0.0,1,40,71
0.046871,1
0.0,1,40,71
0.04687,1
0.0,1
0.0,1,40,71
0.046871,1
0.0,1,40,71
0.046893,1
0.0,1,38,99
0.0,1,40,39
0.046871,1
0.0,1,38,60
0.046871,1
0.0,1
0.0,1,38,54
0.0,1,40,39
0.046871,1
0.0,1,38,54
0.046871,1
0.0,1
0.0,1,38,103
0.0,1,40,39
0.046871,1
0.0,1,38,46
0.046894,1
0.0,1
0.0,1,38,29
0.0,1,40,39
0.046871,1
0.0,1,38,15
0.046871,1
0.0,1
0.0,1,40,39
0.093741,1
0.0,1,40,39
0.093765,1
0.0,1,36,96
0.0,1,40,39
0.093742,1
0.0,1
0.0,1,40,39
0.093761,1
0.0,1,38,125
0.0,1,40,39
0.011702,1
0.0,1,38,109
0.011722,1
0.0,1,38,94
0.011725,1
0.0,1,38,78
0.011722,1
0.0,1,38,82
0.011702,1
0.0,1,38,66
0.011722,1
0.0,1,38,67
0.011725,1
0.0,1,38,51
0.011722,1
0.0,1
0.0,1,38,60
0.0,1,40,39
0.011725,1
0.0,1,38,44
0.011699,1
0.0,1,38,54
0.011725,1
0.0,1,38,38
0.011722,1
0.0,1,38,46
0.011725,1
0.0,1,38,30
0.011721,1
0.0,1,38,41
0.011703,1
0.0,1,38,25
0.011722,1
0.0,1
0.0,1,38,35
0.0,1,40,39
0.011725,1
0.0,1,38,19
0.011721,1
0.0,1,38,29
0.011726,1
0.0,1,38,13
0.011699,1
0.0,1,38,23
0.011725,1
0.0,1,38,9
0.011721,1
0.0,1,38,19
0.011726,1
0.0,1,38,9
0.011721,1
0.0,1
0.0,1,38,15
0.0,1,40,39
0.011703,1
0.0,1,38,9
0.011721,1
0.0,1,38,9
0.011726,1
0.0,1,38,9
0.011721,1
0.0,1,38,8
0.011722,1
0.0,1,38,9
0.02331,1
0.0,1,38,9
0.000114000000004,1
0.0,1,38,9
0.011725,1
0.0,1
0.0,1,40,39
0.09374,1
0.0,1,40,39
0.093765,1
0.0,1,40,39
0.093742,1
0.0,1,40,39
0.093764,1
0.0,1,36,103
0.0,1,40,39
0.062493,1
0.0,1,36,103
0.031249,1
0.0,1,40,39
0.031246,1
0.0,1,36,103
0.062496,1
0.0,1
0.0,1,36,103
0.0,1,40,39
0.062516,1
0.031249,1
0.0,1,40,39
0.093742,1
0.0,1,38,103
0.0,1,40,39
0.093738,1
0.0,1
0.0,1,38,103
0.0,1,40,39
0.093764,1
0.0,1
0.0,1,36,103
0.0,1,40,39
0.093742,1
0.0,1
0.0,1,36,103
0.0,1,40,39
0.093765,1
0.0,1
0.0,1,40,39
0.093742,1
0.0,1,40,39
0.09374,1
0.0,1,38,103
0.0,1,40,39
0.093765,1
0.0,1
0.0,1,38,103
0.0,1,40,39
0.093742,1
0.0,1
0.0,1,36,109
0.0,1,40,96
0.04687,1
0.0,1,40,96
0.046871,1
0.0,1
0.0,1,40,71
0.046894,1
0.0,1,40,71
0.046871,1
0.0,1,38,109
0.0,1,40,71
0.046871,1
0.0,1,40,71
0.046871,1
0.0,1
0.0,1,38,109
0.0,1,40,71
0.046871,1
0.0,1,40,71
0.046894,1
0.0,1
0.0,1,36,109
0.0,1,40,39
0.093742,1
0.0,1
0.0,1,40,39
0.093738,1
0.0,1,38,109
0.0,1,40,39
0.062517,1
0.0,1,36,109
0.031247,1
0.0,1,40,39
0.031249,1
0.062493,1
0.0,1,40,39
0.093742,1
0.0,1,38,109
0.0,1,40,39
0.046894,1
0.046871,1
0.0,1,38,84
0.0,1,40,39
0.046871,1
0.046869,1
0.0,1,38,64
0.0,1,40,39
0.046871,1
0.046893,1
0.0,1,38,48
0.0,1,40,39
0.046871,1
0.046871,1
0.0,1,38,27
0.0,1,40,39
0.046871,1
0.046871,1
0.0,1,38,14
0.0,1,40,39
0.046871,1
0.046894,1
0.0,1,38,9
0.0,1,40,39
0.046871,1
0.046871,1
0.0,1,38,18
0.0,1,40,39
0.031245,1
0.0,1,38,18
0.031247,1
0.0,1,38,18
0.03125,1
0.0,1
0.0,1,38,19
0.0,1,40,39
0.031268,1
0.0,1,38,25
0.031247,1
0.0,1,38,32
0.031249,1
0.0,1
0.0,1,38,40
0.0,1,40,39
0.031246,1
0.0,1,38,49
0.031247,1
0.0,1,38,60
0.031245,1
0.0,1
0.0,1,38,73
0.0,1,40,39
0.03125,1
0.0,1,38,92
0.031247,1
0.0,1,38,109
0.031268,1
0.0,1
0.0,1,36,109
0.0,1,38,109
0.0,1,40,39
0.046871,1
0.015624,1
0.0,1,38,109
0.031247,1
0.0,1,40,39
0.031249,1
0.062493,1
0.0,1,36,109
0.0,1,40,39
0.046871,1
0.015646,1,38,109
0.031247,1
0.0,1,40,39
0.031246,1
0.062496,1
0.0,1,36,109
0.0,1,38,109
0.0,1,40,39
0.062495,1
0.0,1
0.031245,1
0.0,1,40,39
0.03127,1,38,109
0.062495,1
0.0,1
0.0,1,40,39
0.0,4,41,127
0.062497,1,38,109
0.031245,1
0.0,1,40,39
0.031247,1
0.062518,1
0.0,1,36,127
0.0,1,40,39
0.046871,4
0.015621,1
0.042858,1
0.0,1,40,39
0.019637,1,36,80
0.062496,1
0.0,1
0.0,1,40,39
0.062516,1,36,56
0.031249,1
0.0,1,40,39
0.031245,1
0.062493,1
0.0,4
0.0,1,38,124
0.0,1,40,96
0.0,4,36,127
0.046871,1
0.0,1,40,96
0.046871,1
0.0,1,40,71
0.031272,1
0.0,1,38,93
0.015622,1
0.0,1,40,71
0.046871,1
0.0,1,40,71
0.046871,1
0.0,1,40,71
0.015623,1
0.0,1,38,109
0.031248,1
0.0,1,40,71
0.046871,1
0.0,1,40,71
0.046893,1
0.0,1
0.0,1,36,109
0.0,1,40,39
0.093742,1
0.0,1,40,39
0.031246,1
0.062494,1
0.0,1,40,39
0.093765,1
0.0,1,40,39
0.093742,1
0.0,1,36,109
0.0,1,40,39
0.093742,1
0.0,1,40,39
0.03127,1
0.0,1,36,87
0.062494,1
0.0,1
0.0,1,40,39
0.062493,1,36,87
0.031249,1
0.0,1,40,39
0.031246,1
0.062519,1
0.0,1,39,109
0.0,1,40,39
0.062492,1
0.03125,1
0.0,1,40,39
0.031245,1,39,109
0.062493,1
0.0,1
0.0,1,40,39
0.062517,1,39,109
0.031247,1
0.0,1,40,39
0.03125,1
0.062492,1
0.0,1,36,87
0.0,1,40,39
0.062495,1
0.031247,1
0.0,1,40,39
0.031272,1,36,87
0.062493,1
0.0,1
0.0,1,40,39
0.062495,1,36,87
0.031245,1
0.0,1,40,39
0.031247,1
0.062518,1
0.0,1,38,87
0.0,1,40,39
0.062496,1
0.031246,1
0.0,1,40,39
0.031247,1,38,87
0.062494,1
0.0,1
0.0,1,40,39
0.062516,1,38,87
0.031249,1
0.0,1,40,39
0.031247,1
0.062495,1
0.0,1,36,87
0.0,1,40,39
0.062493,1
0.031249,1
0.0,1,40,39
0.031268,1,36,87
0.062496,1
0.0,1
0.0,1,40,39
0.062493,1,36,87
0.031246,1
0.0,1,40,39
0.031249,1
0.062515,1
0.0,1,38,87
0.0,1,40,39
0.062495,1
0.0,1,38,40
0.031247,1
0.0,1,40,39
0.031249,1
0.0,1,38,87
0.062493,1
0.0,1
0.0,1,38,29
0.0,1,40,39
0.062517,1
0.0,1,38,87
0.031248,1
0.0,1,40,39
0.031245,1
0.062497,1
0.0,1,36,127
0.0,1,40,96
0.046869,1
0.0,1,40,96
0.046871,1
0.0,1,40,71
0.046893,1
0.0,1,40,71
0.046871,1
0.0,1
0.0,1,40,71
0.046871,1
0.0,1,40,71
0.046871,1
0.0,1,40,71
0.046871,1
0.0,1,40,71
0.046894,1
0.0,1,38,127
0.0,1,40,39
0.062492,1
0.03125,1
0.0,1,40,39
0.093742,1
0.0,1,36,127
0.0,1,40,39
0.093764,1
0.0,1
0.0,1,40,39
0.093738,1
0.0,1,36,127
0.0,1,40,39
0.093742,1
0.0,1
0.0,1,40,39
0.093765,1
0.0,1,38,127
0.0,1,40,39
0.093742,1
0.0,1
0.0,1,38,127
0.0,1,40,39
0.093764,1
0.0,1
0.0,1,38,127
0.0,1,40,39
0.093742,1
0.0,1
0.0,1,38,127
0.0,1,40,39
0.09374,1
0.0,1
0.0,1,36,127
0.0,1,40,39
0.093765,1
0.0,1
0.0,1,40,39
0.093742,1
0.0,1,38,127
0.0,1,40,39
0.093742,1
0.0,1
0.0,1,38,108
0.0,1,40,39
0.093764,1
0.0,1
0.0,1,38,79
0.0,1,40,39
0.093742,1
0.0,1
0.0,1,38,42
0.0,1,40,39
0.093765,1
0.0,1
0.0,1,38,127
0.0,1,40,39
0.093738,1
0.0,1
0.0,1,36,127
0.0,1,40,39
0.093742,1
0.0,1
0.0,1,38,127
0.0,1,40,39
0.093765,1
0.0,1
0.0,1,40,39
0.093742,1
0.0,1,38,127
0.0,1,40,39
0.093742,1
0.0,1
0.0,1,36,127
0.0,1,40,39
0.093764,1
0.0,1
0.0,1,38,93
0.0,1,40,39
0.09374,1
0.0,1
0.0,1,38,93
0.0,1,40,39
0.093765,1
0.0,1
0.0,1,40,39
0.0,1,47,98
0.093742,1
0.0,1
0.0,1,40,39
0.093742,1
0.0,1,40,39
0.0,1,47,98
0.093764,1
0.0,1
0.0,1,40,39
0.093742,1
0.0,4
0.0,1,38,95
0.0,1,40,96
0.0,4,39,127
0.046871,1
0.0,1,40,96
0.046871,1
0.0,1
0.0,1,38,108
0.0,1,40,71
0.046894,1
0.0,1,40,71
0.046867,1
0.0,1
0.0,1,38,91
0.0,1,40,71
0.046871,1
0.0,1,40,71
0.046871,1
0.0,1
0.0,1,38,100
0.0,1,40,71
0.046871,1
0.0,1,40,71
0.046893,1
0.0,1
0.0,1,36,99
0.0,1,40,39
0.093742,1
0.0,1
0.0,1,36,96
0.0,1,40,39
0.093742,1
0.0,1
0.0,1,36,88
0.0,1,40,39
0.093765,1
0.0,1
0.0,1,36,103
0.0,1,40,39
0.093742,1
0.0,1
0.0,1,38,97
0.0,1,40,39
0.09374,1
0.0,1
0.0,1,38,106
0.0,1,40,39
0.093764,1
0.0,1
0.0,1,36,116
0.0,1,40,39
0.093742,1
0.0,1
0.0,1,38,96
0.0,1,40,39
0.093765,1
0.0,1
0.0,1,36,86
0.0,1,40,39
0.093742,1
0.0,1
0.0,1,36,114
0.0,1,40,39
0.093742,1
0.0,1
0.0,1,36,104
0.0,1,40,39
0.093761,1
0.0,1
0.0,1,38,98
0.0,1,40,39
0.093742,1
0.0,1
0.0,1,38,98
0.0,1,40,39
0.046871,1
0.0,1,38,64
0.046871,1
0.0,1
0.0,1,38,47
0.0,1,40,39
0.046893,1
0.0,1,38,28
0.046871,1
0.0,1
0.0,1,38,19
0.0,1,40,39
0.046871,1
0.0,1,38,19
0.046871,1
0.0,1
0.0,1,38,14
0.0,1,40,39
0.046871,1
0.0,1,38,9
0.046894,1
0.0,1
0.0,1,38,48
0.0,1,40,39
0.046871,1
0.0,1,38,57
0.046871,1
0.0,1
0.0,1,38,78
0.0,1,40,39
0.046871,1
0.0,1,38,97
0.046869,1
0.0,1
0.0,1,36,98
0.0,1,40,39
0.046871,1
0.046893,1
0.0,1,38,10
0.0,1,40,39
0.093742,1
0.0,1
0.0,1,38,98
0.0,1,40,39
0.093742,1
0.0,1
0.0,1,36,98
0.0,1,40,39
0.093765,1
0.0,1
0.0,1,38,98
0.0,1,40,39
0.093742,1
0.0,1
0.0,1,40,39
0.093764,1
0.0,1,38,98
0.0,1,40,39
0.093738,1
0.0,1
0.0,1,38,98
0.0,1,40,39
0.093742,1
0.0,1
0.0,1,38,59
0.0,1,40,39
0.093765,1
0.0,1
0.0,1,38,41
0.0,1,40,39
0.093742,1
0.0,1
0.0,1,36,88
0.0,1,40,96
0.046871,1
0.0,1,40,96
0.046871,1
0.0,1
0.0,1,36,88
0.0,1,40,71
0.046893,1
0.0,1,40,71
0.046871,1
0.0,1
0.0,1,36,88
0.0,1,40,71
0.046871,1
0.0,1,40,71
0.046871,1
0.0,1
0.0,1,36,88
0.0,1,40,71
0.046869,1
0.0,1,40,71
0.046894,1
0.0,1
0.0,1,37,88
0.0,1,40,39
0.093742,1
0.0,1
0.0,1,36,88
0.0,1,40,39
0.093742,1
0.0,1
0.0,1,36,88
0.0,1,40,39
0.093764,1
0.0,1
0.0,1,40,39
0.093742,1
0.0,1,36,88
0.0,1,40,39
0.093742,1
0.0,1
0.0,1,40,39
0.093761,1
0.0,1,36,88
0.0,1,40,39
0.093742,1
0.0,1
0.0,1,36,88
0.0,1,40,39
0.093765,1
0.0,1
0.0,1,37,88
0.0,1,40,39
0.093742,1
0.0,1
0.0,1,36,88
0.0,1,40,39
0.093741,1
0.0,1
0.0,1,36,88
0.0,1,40,39
0.093765,1
0.0,1
0.0,1,36,88
0.0,1,40,39
0.093742,1
0.0,1
0.0,1,36,88
0.0,1,40,39
0.09374,1
0.0,1
0.0,1,36,103
0.0,1,40,39
0.093765,1
0.0,1
0.0,1,36,77
0.0,1,40,39
0.093742,1
0.0,1
0.0,1,36,77
0.0,1,40,39
0.093764,1
0.0,1
0.0,1,37,77
0.0,1,40,39
0.093742,1
0.0,1
0.0,1,36,77
0.0,1,40,39
0.093742,1
0.0,1
0.0,1,36,77
0.0,1,40,39
0.093761,1
0.0,1
0.0,1,40,39
0.093742,1
0.0,1,36,77
0.0,1,40,39
0.093742,1
0.0,1
0.0,1,40,39
0.093764,1
0.0,1,37,77
0.0,1,40,39
0.0,4,41,127
0.093742,1
0.0,1
0.0,1,36,77
0.0,1,40,39
0.093765,1
0.0,1
0.0,4
0.0,1,38,81
0.0,1,40,39
0.093742,1
0.0,1
0.0,1,36,77
0.0,1,40,39
0.09374,1
0.0,1
0.0,1,38,81
0.0,1,40,39
0.093764,1
0.0,1
0.0,1,36,77
0.0,1,40,39
